--------------------------------------------------------------------------------
Hackerrank Link
--------------------------------------------------------------------------------
https://www.hackerrank.com/contests/pepjava-interviewprep/challenges/pep-javaip-
5backtracking-170findpathsfromcornertomiddlecell/problem
--------------------------------------------------------------------------------
Input Format
--------------------------------------------------------------------------------
N,M - Integers for numbers of rows and columns
N*M spaced integers for the 2-D array
--------------------------------------------------------------------------------
Constraints
--------------------------------------------------------------------------------
1<= N, M <=10^9
1<= Aij <= 10^9
--------------------------------------------------------------------------------
Output Format
--------------------------------------------------------------------------------
Print all the possible paths.
--------------------------------------------------------------------------------
Test Case 1 - Sample
--------------------------------------------------------------------------------
9 9
3 5 4 4 7 3 4 6 3
6 7 5 6 6 2 6 6 2
3 3 4 3 2 5 4 7 2
6 5 5 1 2 3 6 5 6
3 3 4 3 0 1 4 3 4
3 5 4 3 2 2 3 3 5
3 5 4 3 2 6 4 4 3
3 5 1 3 7 5 3 6 4
6 2 4 3 4 5 4 5 1
################################################################################
00 03 07 67 63 33 34 54 52 12 17 77 71 21 24 MID
60 63 33 34 54 52 12 17 77 71 21 24 MID
--------------------------------------------------------------------------------
Test Case 2 - Real
--------------------------------------------------------------------------------
5 5
1 2 3 4 1
1 1 1 1 2
2 2 2 2 3
2 3 2 3 4
1 2 1 3 5
################################################################################
00 10 20 40 41 43 13 14 34 30 32 12 MID
00 10 20 40 41 43 13 14 12 MID
00 10 20 40 41 43 13 12 MID
00 10 20 40 41 21 23 43 13 14 34 30 32 12 MID
00 10 20 40 41 21 23 43 13 14 12 MID
00 10 20 40 41 21 23 43 13 12 MID
00 10 20 40 41 21 23 03 43 13 14 34 30 32 12 MID
00 10 20 40 41 21 23 03 43 13 14 12 MID
00 10 20 40 41 21 23 03 43 13 12 MID
00 10 20 40 41 21 01 03 43 13 14 34 30 32 12 MID
00 10 20 40 41 21 01 03 43 13 14 12 MID
00 10 20 40 41 21 01 03 43 13 12 MID
00 10 20 40 30 32 12 MID
00 10 20 MID
00 10 11 21 41 43 40 30 32 12 MID
00 10 11 21 41 43 13 14 34 30 32 12 MID
00 10 11 21 41 43 13 14 12 MID
00 10 11 21 41 43 13 12 MID
00 10 11 21 23 43 40 30 32 12 MID
00 10 11 21 23 43 13 14 34 30 32 12 MID
00 10 11 21 23 43 13 14 12 MID
00 10 11 21 23 43 13 12 MID
00 10 11 21 23 03 43 40 30 32 12 MID
00 10 11 21 23 03 43 13 14 34 30 32 12 MID
00 10 11 21 23 03 43 13 14 12 MID
00 10 11 21 23 03 43 13 12 MID
00 10 11 21 01 03 43 40 30 32 12 MID
00 10 11 21 01 03 43 13 14 34 30 32 12 MID
00 10 11 21 01 03 43 13 14 12 MID
00 10 11 21 01 03 43 13 12 MID
00 10 11 12 MID
00 10 11 01 21 41 43 40 30 32 12 MID
00 10 11 01 21 41 43 13 14 34 30 32 12 MID
00 10 11 01 21 41 43 13 14 12 MID
00 10 11 01 21 41 43 13 12 MID
00 10 11 01 21 23 43 40 30 32 12 MID
00 10 11 01 21 23 43 13 14 34 30 32 12 MID
00 10 11 01 21 23 43 13 14 12 MID
00 10 11 01 21 23 43 13 12 MID
00 10 11 01 21 23 03 43 40 30 32 12 MID
00 10 11 01 21 23 03 43 13 14 34 30 32 12 MID
00 10 11 01 21 23 03 43 13 14 12 MID
00 10 11 01 21 23 03 43 13 12 MID
00 10 11 01 03 43 40 30 32 12 MID
00 10 11 01 03 43 13 14 34 30 32 12 MID
00 10 11 01 03 43 13 14 12 MID
00 10 11 01 03 43 13 12 MID
00 01 21 41 43 40 30 32 12 MID
00 01 21 41 43 40 30 32 12 11 10 20 MID
00 01 21 41 43 40 30 10 20 MID
00 01 21 41 43 40 30 10 11 12 MID
00 01 21 41 43 13 14 34 30 32 12 MID
00 01 21 41 43 13 14 34 30 32 12 11 10 20 MID
00 01 21 41 43 13 14 34 30 10 20 MID
00 01 21 41 43 13 14 34 30 10 11 12 MID
00 01 21 41 43 13 14 12 MID
00 01 21 41 43 13 14 12 11 10 20 MID
00 01 21 41 43 13 14 12 02 32 34 30 10 20 MID
00 01 21 41 43 13 14 12 02 32 30 10 20 MID
00 01 21 41 43 13 12 MID
00 01 21 41 43 13 12 11 10 20 MID
00 01 21 41 43 13 12 02 32 34 30 10 20 MID
00 01 21 41 43 13 12 02 32 30 10 20 MID
00 01 21 23 43 40 30 32 12 MID
00 01 21 23 43 40 30 32 12 11 10 20 MID
00 01 21 23 43 40 30 10 20 MID
00 01 21 23 43 40 30 10 11 12 MID
00 01 21 23 43 13 14 34 30 32 12 MID
00 01 21 23 43 13 14 34 30 32 12 11 10 20 MID
00 01 21 23 43 13 14 34 30 10 20 MID
00 01 21 23 43 13 14 34 30 10 11 12 MID
00 01 21 23 43 13 14 12 MID
00 01 21 23 43 13 14 12 11 10 20 MID
00 01 21 23 43 13 14 12 02 32 34 30 10 20 MID
00 01 21 23 43 13 14 12 02 32 30 10 20 MID
00 01 21 23 43 13 12 MID
00 01 21 23 43 13 12 11 10 20 MID
00 01 21 23 43 13 12 02 32 34 30 10 20 MID
00 01 21 23 43 13 12 02 32 30 10 20 MID
00 01 21 23 03 43 40 30 32 12 MID
00 01 21 23 03 43 40 30 32 12 11 10 20 MID
00 01 21 23 03 43 40 30 10 20 MID
00 01 21 23 03 43 40 30 10 11 12 MID
00 01 21 23 03 43 13 14 34 30 32 12 MID
00 01 21 23 03 43 13 14 34 30 32 12 11 10 20 MID
00 01 21 23 03 43 13 14 34 30 10 20 MID
00 01 21 23 03 43 13 14 34 30 10 11 12 MID
00 01 21 23 03 43 13 14 12 MID
00 01 21 23 03 43 13 14 12 11 10 20 MID
00 01 21 23 03 43 13 14 12 02 32 34 30 10 20 MID
00 01 21 23 03 43 13 14 12 02 32 30 10 20 MID
00 01 21 23 03 43 13 12 MID
00 01 21 23 03 43 13 12 11 10 20 MID
00 01 21 23 03 43 13 12 02 32 34 30 10 20 MID
00 01 21 23 03 43 13 12 02 32 30 10 20 MID
00 01 03 43 40 30 32 12 MID
00 01 03 43 40 30 32 12 11 10 20 MID
00 01 03 43 40 30 10 20 MID
00 01 03 43 40 30 10 11 12 MID
00 01 03 43 13 14 34 30 32 12 MID
00 01 03 43 13 14 34 30 32 12 11 10 20 MID
00 01 03 43 13 14 34 30 10 20 MID
00 01 03 43 13 14 34 30 10 11 12 MID
00 01 03 43 13 14 12 MID
00 01 03 43 13 14 12 11 10 20 MID
00 01 03 43 13 14 12 02 32 34 30 10 20 MID
00 01 03 43 13 14 12 02 32 30 10 20 MID
00 01 03 43 13 12 MID
00 01 03 43 13 12 11 10 20 MID
00 01 03 43 13 12 02 32 34 30 10 20 MID
00 01 03 43 13 12 02 32 30 10 20 MID
10 20 40 41 43 13 14 34 30 32 12 MID
10 20 40 41 43 13 14 12 MID
10 20 40 41 43 13 12 MID
10 20 40 41 21 23 43 13 14 34 30 32 12 MID
10 20 40 41 21 23 43 13 14 12 MID
10 20 40 41 21 23 43 13 12 MID
10 20 40 41 21 23 03 43 13 14 34 30 32 12 MID
10 20 40 41 21 23 03 43 13 14 12 MID
10 20 40 41 21 23 03 43 13 12 MID
10 20 40 41 21 01 03 43 13 14 34 30 32 12 MID
10 20 40 41 21 01 03 43 13 14 12 MID
10 20 40 41 21 01 03 43 13 12 MID
10 20 40 30 32 12 MID
10 20 MID
10 20 00 01 21 41 43 40 30 32 12 MID
10 20 00 01 21 41 43 13 14 34 30 32 12 MID
10 20 00 01 21 41 43 13 14 12 MID
10 20 00 01 21 41 43 13 12 MID
10 20 00 01 21 23 43 40 30 32 12 MID
10 20 00 01 21 23 43 13 14 34 30 32 12 MID
10 20 00 01 21 23 43 13 14 12 MID
10 20 00 01 21 23 43 13 12 MID
10 20 00 01 21 23 03 43 40 30 32 12 MID
10 20 00 01 21 23 03 43 13 14 34 30 32 12 MID
10 20 00 01 21 23 03 43 13 14 12 MID
10 20 00 01 21 23 03 43 13 12 MID
10 20 00 01 03 43 40 30 32 12 MID
10 20 00 01 03 43 13 14 34 30 32 12 MID
10 20 00 01 03 43 13 14 12 MID
10 20 00 01 03 43 13 12 MID
10 11 21 41 43 40 30 32 12 MID
10 11 21 41 43 13 14 34 30 32 12 MID
10 11 21 41 43 13 14 12 MID
10 11 21 41 43 13 12 MID
10 11 21 23 43 40 30 32 12 MID
10 11 21 23 43 13 14 34 30 32 12 MID
10 11 21 23 43 13 14 12 MID
10 11 21 23 43 13 12 MID
10 11 21 23 03 43 40 30 32 12 MID
10 11 21 23 03 43 13 14 34 30 32 12 MID
10 11 21 23 03 43 13 14 12 MID
10 11 21 23 03 43 13 12 MID
10 11 21 01 03 43 40 30 32 12 MID
10 11 21 01 03 43 13 14 34 30 32 12 MID
10 11 21 01 03 43 13 14 12 MID
10 11 21 01 03 43 13 12 MID
10 11 12 MID
10 11 01 21 41 43 40 30 32 12 MID
10 11 01 21 41 43 13 14 34 30 32 12 MID
10 11 01 21 41 43 13 14 12 MID
10 11 01 21 41 43 13 12 MID
10 11 01 21 23 43 40 30 32 12 MID
10 11 01 21 23 43 13 14 34 30 32 12 MID
10 11 01 21 23 43 13 14 12 MID
10 11 01 21 23 43 13 12 MID
10 11 01 21 23 03 43 40 30 32 12 MID
10 11 01 21 23 03 43 13 14 34 30 32 12 MID
10 11 01 21 23 03 43 13 14 12 MID
10 11 01 21 23 03 43 13 12 MID
10 11 01 03 43 40 30 32 12 MID
10 11 01 03 43 13 14 34 30 32 12 MID
10 11 01 03 43 13 14 12 MID
10 11 01 03 43 13 12 MID
10 00 01 21 41 43 40 30 32 12 MID
10 00 01 21 41 43 13 14 34 30 32 12 MID
10 00 01 21 41 43 13 14 12 MID
10 00 01 21 41 43 13 12 MID
10 00 01 21 23 43 40 30 32 12 MID
10 00 01 21 23 43 13 14 34 30 32 12 MID
10 00 01 21 23 43 13 14 12 MID
10 00 01 21 23 43 13 12 MID
10 00 01 21 23 03 43 40 30 32 12 MID
10 00 01 21 23 03 43 13 14 34 30 32 12 MID
10 00 01 21 23 03 43 13 14 12 MID
10 00 01 21 23 03 43 13 12 MID
10 00 01 03 43 40 30 32 12 MID
10 00 01 03 43 13 14 34 30 32 12 MID
10 00 01 03 43 13 14 12 MID
10 00 01 03 43 13 12 MID
20 40 41 43 13 14 34 30 32 12 MID
20 40 41 43 13 14 34 30 10 11 12 MID
20 40 41 43 13 14 12 MID
20 40 41 43 13 12 MID
20 40 41 21 23 43 13 14 34 30 32 12 MID
20 40 41 21 23 43 13 14 34 30 10 11 12 MID
20 40 41 21 23 43 13 14 12 MID
20 40 41 21 23 43 13 12 MID
20 40 41 21 23 03 43 13 14 34 30 32 12 MID
20 40 41 21 23 03 43 13 14 34 30 10 11 12 MID
20 40 41 21 23 03 43 13 14 12 MID
20 40 41 21 23 03 43 13 12 MID
20 40 41 21 01 03 43 13 14 34 30 32 12 MID
20 40 41 21 01 03 43 13 14 34 30 10 11 12 MID
20 40 41 21 01 03 43 13 14 12 MID
20 40 41 21 01 03 43 13 12 MID
20 40 30 32 12 MID
20 40 30 10 11 21 41 43 13 14 12 MID
20 40 30 10 11 21 41 43 13 12 MID
20 40 30 10 11 21 23 43 13 14 12 MID
20 40 30 10 11 21 23 43 13 12 MID
20 40 30 10 11 21 23 03 43 13 14 12 MID
20 40 30 10 11 21 23 03 43 13 12 MID
20 40 30 10 11 21 01 03 43 13 14 12 MID
20 40 30 10 11 21 01 03 43 13 12 MID
20 40 30 10 11 12 MID
20 40 30 10 11 01 21 41 43 13 14 12 MID
20 40 30 10 11 01 21 41 43 13 12 MID
20 40 30 10 11 01 21 23 43 13 14 12 MID
20 40 30 10 11 01 21 23 43 13 12 MID
20 40 30 10 11 01 21 23 03 43 13 14 12 MID
20 40 30 10 11 01 21 23 03 43 13 12 MID
20 40 30 10 11 01 03 43 13 14 12 MID
20 40 30 10 11 01 03 43 13 12 MID
20 40 30 10 00 01 21 41 43 13 14 12 MID
20 40 30 10 00 01 21 41 43 13 12 MID
20 40 30 10 00 01 21 23 43 13 14 12 MID
20 40 30 10 00 01 21 23 43 13 12 MID
20 40 30 10 00 01 21 23 03 43 13 14 12 MID
20 40 30 10 00 01 21 23 03 43 13 12 MID
20 40 30 10 00 01 03 43 13 14 12 MID
20 40 30 10 00 01 03 43 13 12 MID
20 MID
20 00 10 11 21 41 43 40 30 32 12 MID
20 00 10 11 21 41 43 13 14 34 30 32 12 MID
20 00 10 11 21 41 43 13 14 12 MID
20 00 10 11 21 41 43 13 12 MID
20 00 10 11 21 23 43 40 30 32 12 MID
20 00 10 11 21 23 43 13 14 34 30 32 12 MID
20 00 10 11 21 23 43 13 14 12 MID
20 00 10 11 21 23 43 13 12 MID
20 00 10 11 21 23 03 43 40 30 32 12 MID
20 00 10 11 21 23 03 43 13 14 34 30 32 12 MID
20 00 10 11 21 23 03 43 13 14 12 MID
20 00 10 11 21 23 03 43 13 12 MID
20 00 10 11 21 01 03 43 40 30 32 12 MID
20 00 10 11 21 01 03 43 13 14 34 30 32 12 MID
20 00 10 11 21 01 03 43 13 14 12 MID
20 00 10 11 21 01 03 43 13 12 MID
20 00 10 11 12 MID
20 00 10 11 01 21 41 43 40 30 32 12 MID
20 00 10 11 01 21 41 43 13 14 34 30 32 12 MID
20 00 10 11 01 21 41 43 13 14 12 MID
20 00 10 11 01 21 41 43 13 12 MID
20 00 10 11 01 21 23 43 40 30 32 12 MID
20 00 10 11 01 21 23 43 13 14 34 30 32 12 MID
20 00 10 11 01 21 23 43 13 14 12 MID
20 00 10 11 01 21 23 43 13 12 MID
20 00 10 11 01 21 23 03 43 40 30 32 12 MID
20 00 10 11 01 21 23 03 43 13 14 34 30 32 12 MID
20 00 10 11 01 21 23 03 43 13 14 12 MID
20 00 10 11 01 21 23 03 43 13 12 MID
20 00 10 11 01 03 43 40 30 32 12 MID
20 00 10 11 01 03 43 13 14 34 30 32 12 MID
20 00 10 11 01 03 43 13 14 12 MID
20 00 10 11 01 03 43 13 12 MID
20 00 01 21 41 43 40 30 32 12 MID
20 00 01 21 41 43 40 30 10 11 12 MID
20 00 01 21 41 43 13 14 34 30 32 12 MID
20 00 01 21 41 43 13 14 34 30 10 11 12 MID
20 00 01 21 41 43 13 14 12 MID
20 00 01 21 41 43 13 12 MID
20 00 01 21 23 43 40 30 32 12 MID
20 00 01 21 23 43 40 30 10 11 12 MID
20 00 01 21 23 43 13 14 34 30 32 12 MID
20 00 01 21 23 43 13 14 34 30 10 11 12 MID
20 00 01 21 23 43 13 14 12 MID
20 00 01 21 23 43 13 12 MID
20 00 01 21 23 03 43 40 30 32 12 MID
20 00 01 21 23 03 43 40 30 10 11 12 MID
20 00 01 21 23 03 43 13 14 34 30 32 12 MID
20 00 01 21 23 03 43 13 14 34 30 10 11 12 MID
20 00 01 21 23 03 43 13 14 12 MID
20 00 01 21 23 03 43 13 12 MID
20 00 01 03 43 40 30 32 12 MID
20 00 01 03 43 40 30 10 11 12 MID
20 00 01 03 43 13 14 34 30 32 12 MID
20 00 01 03 43 13 14 34 30 10 11 12 MID
20 00 01 03 43 13 14 12 MID
20 00 01 03 43 13 12 MID
30 32 12 MID
30 32 12 11 10 20 MID
30 10 20 40 41 43 13 14 12 MID
30 10 20 40 41 43 13 12 MID
30 10 20 40 41 21 23 43 13 14 12 MID
30 10 20 40 41 21 23 43 13 12 MID
30 10 20 40 41 21 23 03 43 13 14 12 MID
30 10 20 40 41 21 23 03 43 13 12 MID
30 10 20 40 41 21 01 03 43 13 14 12 MID
30 10 20 40 41 21 01 03 43 13 12 MID
30 10 20 MID
30 10 20 00 01 21 41 43 13 14 12 MID
30 10 20 00 01 21 41 43 13 12 MID
30 10 20 00 01 21 23 43 13 14 12 MID
30 10 20 00 01 21 23 43 13 12 MID
30 10 20 00 01 21 23 03 43 13 14 12 MID
30 10 20 00 01 21 23 03 43 13 12 MID
30 10 20 00 01 03 43 13 14 12 MID
30 10 20 00 01 03 43 13 12 MID
30 10 11 21 41 43 13 14 12 MID
30 10 11 21 41 43 13 12 MID
30 10 11 21 23 43 13 14 12 MID
30 10 11 21 23 43 13 12 MID
30 10 11 21 23 03 43 13 14 12 MID
30 10 11 21 23 03 43 13 12 MID
30 10 11 21 01 03 43 13 14 12 MID
30 10 11 21 01 03 43 13 12 MID
30 10 11 12 MID
30 10 11 01 21 41 43 13 14 12 MID
30 10 11 01 21 41 43 13 12 MID
30 10 11 01 21 23 43 13 14 12 MID
30 10 11 01 21 23 43 13 12 MID
30 10 11 01 21 23 03 43 13 14 12 MID
30 10 11 01 21 23 03 43 13 12 MID
30 10 11 01 03 43 13 14 12 MID
30 10 11 01 03 43 13 12 MID
30 10 00 01 21 41 43 13 14 12 MID
30 10 00 01 21 41 43 13 12 MID
30 10 00 01 21 23 43 13 14 12 MID
30 10 00 01 21 23 43 13 12 MID
30 10 00 01 21 23 03 43 13 14 12 MID
30 10 00 01 21 23 03 43 13 12 MID
30 10 00 01 03 43 13 14 12 MID
30 10 00 01 03 43 13 12 MID
40 41 43 13 14 34 30 32 12 MID
40 41 43 13 14 34 30 32 12 11 10 20 MID
40 41 43 13 14 34 30 10 20 MID
40 41 43 13 14 34 30 10 11 12 MID
40 41 43 13 14 12 MID
40 41 43 13 14 12 11 10 20 MID
40 41 43 13 14 12 02 32 34 30 10 20 MID
40 41 43 13 14 12 02 32 30 10 20 MID
40 41 43 13 12 MID
40 41 43 13 12 11 10 20 MID
40 41 43 13 12 02 32 34 30 10 20 MID
40 41 43 13 12 02 32 30 10 20 MID
40 41 21 23 43 13 14 34 30 32 12 MID
40 41 21 23 43 13 14 34 30 32 12 11 10 20 MID
40 41 21 23 43 13 14 34 30 10 20 MID
40 41 21 23 43 13 14 34 30 10 11 12 MID
40 41 21 23 43 13 14 12 MID
40 41 21 23 43 13 14 12 11 10 20 MID
40 41 21 23 43 13 14 12 02 32 34 30 10 20 MID
40 41 21 23 43 13 14 12 02 32 30 10 20 MID
40 41 21 23 43 13 12 MID
40 41 21 23 43 13 12 11 10 20 MID
40 41 21 23 43 13 12 02 32 34 30 10 20 MID
40 41 21 23 43 13 12 02 32 30 10 20 MID
40 41 21 23 03 43 13 14 34 30 32 12 MID
40 41 21 23 03 43 13 14 34 30 32 12 11 10 20 MID
40 41 21 23 03 43 13 14 34 30 10 20 MID
40 41 21 23 03 43 13 14 34 30 10 11 12 MID
40 41 21 23 03 43 13 14 12 MID
40 41 21 23 03 43 13 14 12 11 10 20 MID
40 41 21 23 03 43 13 14 12 02 32 34 30 10 20 MID
40 41 21 23 03 43 13 14 12 02 32 30 10 20 MID
40 41 21 23 03 43 13 12 MID
40 41 21 23 03 43 13 12 11 10 20 MID
40 41 21 23 03 43 13 12 02 32 34 30 10 20 MID
40 41 21 23 03 43 13 12 02 32 30 10 20 MID
40 41 21 01 03 43 13 14 34 30 32 12 MID
40 41 21 01 03 43 13 14 34 30 32 12 11 10 20 MID
40 41 21 01 03 43 13 14 34 30 10 20 MID
40 41 21 01 03 43 13 14 34 30 10 11 12 MID
40 41 21 01 03 43 13 14 12 MID
40 41 21 01 03 43 13 14 12 11 10 20 MID
40 41 21 01 03 43 13 14 12 02 32 34 30 10 20 MID
40 41 21 01 03 43 13 14 12 02 32 30 10 20 MID
40 41 21 01 03 43 13 12 MID
40 41 21 01 03 43 13 12 11 10 20 MID
40 41 21 01 03 43 13 12 02 32 34 30 10 20 MID
40 41 21 01 03 43 13 12 02 32 30 10 20 MID
40 30 32 12 MID
40 30 32 12 11 10 20 MID
40 30 10 20 MID
40 30 10 20 00 01 21 41 43 13 14 12 MID
40 30 10 20 00 01 21 41 43 13 12 MID
