--------------------------------------------------------------------------------
Hackerrank Link
--------------------------------------------------------------------------------
https://www.hackerrank.com/contests/pepjava-interviewprep/challenges/pep-javaip
-5backtracking-161combinationalsum
--------------------------------------------------------------------------------
Input Format
--------------------------------------------------------------------------------
N (Integer) Size for the input array
N spaced integers for the input array
--------------------------------------------------------------------------------
Constraints
--------------------------------------------------------------------------------
1<= N <= 10^9
1<= Ai <= 10^9, where A is 1D array.
--------------------------------------------------------------------------------
Output Format
--------------------------------------------------------------------------------
Print all those combinations whose sum is equal to target(each separated by a line).
--------------------------------------------------------------------------------
Test Case 1 - Sample
--------------------------------------------------------------------------------
4
2 4 6 8
8
################################################################################
2 2 2 2
2 2 4
2 6
4 4
8
--------------------------------------------------------------------------------
Test Case 2 - Real
--------------------------------------------------------------------------------
5
1 2 3 5 6
10
################################################################################

1 1 1 1 1 1 1 1 1 1
1 1 1 1 1 1 1 1 2
1 1 1 1 1 1 1 3
1 1 1 1 1 1 2 2
1 1 1 1 1 2 3
1 1 1 1 1 5
1 1 1 1 2 2 2
1 1 1 1 3 3
1 1 1 1 6
1 1 1 2 2 3
1 1 1 2 5
1 1 2 2 2 2
1 1 2 3 3
1 1 2 6
1 1 3 5
1 2 2 2 3
1 2 2 5
1 3 3 3
1 3 6
2 2 2 2 2
2 2 3 3
2 2 6
2 3 5
5 5
--------------------------------------------------------------------------------
Test Case 3 - Real
---------------------------------------------------------------------------------
5
1 2 3 4 5
10
################################################################################
1 1 1 1 1 1 1 1 1 1
1 1 1 1 1 1 1 1 2
1 1 1 1 1 1 1 3
1 1 1 1 1 1 2 2
1 1 1 1 1 1 4
1 1 1 1 1 2 3
1 1 1 1 1 5
1 1 1 1 2 2 2
1 1 1 1 2 4
1 1 1 1 3 3
1 1 1 2 2 3
1 1 1 2 5
1 1 1 3 4
1 1 2 2 2 2
1 1 2 2 4
1 1 2 3 3
1 1 3 5
1 1 4 4
1 2 2 2 3
1 2 2 5
1 2 3 4
1 3 3 3
1 4 5
2 2 2 2 2
2 2 2 4
2 2 3 3
2 3 5
2 4 4
3 3 4
5 5
--------------------------------------------------------------------------------
Test Case 4 - Real
---------------------------------------------------------------------------------
5
1 2 3 4 5
0
################################################################################
