--------------------------------------------------------------------------------
Hackerrank Link
--------------------------------------------------------------------------------
https://www.hackerrank.com/contests/pepjava-interviewprep/challenges/pep-javaip-10binarytrees-323counttreewithsameancestormatrix
--------------------------------------------------------------------------------
Input Format
--------------------------------------------------------------------------------
1. Not applicable. main manages the input for you.
--------------------------------------------------------------------------------
Constraints
--------------------------------------------------------------------------------
0 < tree.size()
--------------------------------------------------------------------------------
Output Format
--------------------------------------------------------------------------------
Integer - count of trees with same ancestor matrix
--------------------------------------------------------------------------------
Test Case 1 - Sample
--------------------------------------------------------------------------------
8
0 1 1 1 1 1 1 1
0 0 0 1 1 0 1 1
0 0 0 0 0 1 0 0
0 0 0 0 0 0 0 0
0 0 0 0 0 0 1 1
0 0 0 0 0 0 0 0
0 0 0 0 0 0 0 0
0 0 0 0 0 0 0 0
################################################################################
16
--------------------------------------------------------------------------------
Test Case 2 - Real
--------------------------------------------------------------------------------
7
0 1 1 1 1 1 1
0 0 0 1 0 1 0
0 0 0 0 1 0 1
0 0 0 0 0 1 0
0 0 0 0 0 0 1
0 0 0 0 0 0 0
0 0 0 0 0 0 0
################################################################################
32
