Pep_JavaIP_2SnS_54MedianOfTwoSortedArrays
3
10 20 30
5 
11 15 18 25 35

5 
11 15 18 25 35
3
10 20 30

3
10 20 30
6 
11 15 18 25 35 40

6 
11 15 18 25 35 40
3
10 20 30

4
10 20 30 38
6 
11 15 18 25 35 40

6 
11 15 18 25 35 40
4
10 20 30 38

5
10 20 30 40 50
5
1 2 3 4 100
-----------------------------------------------------------------
Pep_JavaIP_2SnS_55MaxSumNotAdjacent
6
5 5 10 100 10 5
110

3
1 20 3
20

5
20 7 14 50 1
70
-----------------------------------------------------------------
Pep_JavaIP_2SnS_56CommonElements
6
1 5 10 20 40 80
5
6 7 20 80 100
8
3 4 15 20 30 70 80 120
20 80 

3
1 5 5
5
3 4 5 5 10
4
5 5 10 20
5 5 
-----------------------------------------------------------------
Pep_JavaIP_2SnS_57TripletsLessThanEqualToSum
4
-2 0 1 3
2
2

5
5 1 3 4 7
12
4

5
1 4 8 10 20
15
1
-----------------------------------------------------------------
Pep_JavaIP_2SnS_58MergeTwoSortedArrays
5
10 20 30 40 50
4 
11 15 25 35
10 11 15 20 25 
30 35 40 50 

3
10 90 100
5
3 45 65 110 120
3 10 45 
65 90 100 110 120 

4
5 20 30 40
3
10 11 12
5 10 11 12 
20 30 40 
-----------------------------------------------------------------
Pep_JavaIP_10BinaryTrees_321SpecialLevelOrder_PBT
7
1 2 3 4 5 6 7
1 2 3 4 7 5 6 

15
1 2 3 4 5 6 7 8 9 10 11 12 13 14 15
1 2 3 4 7 5 6 8 15 9 14 10 13 11 12 
-----------------------------------------------------------------
Pep_JavaIP_10BinaryTrees_320BoundaryTraversal
14
1 2 3 4 5 6 7 -1 -1 10 11 12 13 14
1 2 4 10 11 12 13 14 7 3 1 

15
1 2 3 4 5 6 7 8 9 10 11 12 13 14 15
1 2 4 8 9 10 11 12 13 14 15 7 3 1 

12
1 2 3 -1 5 6 -1 -1 -1 10 11 12
1 2 5 10 11 12 6 3 1 
-----------------------------------------------------------------
Pep_JavaIP_10BinaryTrees_319PrintVertically
15
1 2 3 4 5 6 7 -1 -1 -1 -1 -1 8 -1 9
4 
2 
1 5 6 
3 8 
7 
9 

15
1 2 3 4 5 6 7 8 9 10 11 12 13 14 15
8 
4 
2 9 10 12 
1 5 6 
11 3 13 14 
7 
15 
-----------------------------------------------------------------
Pep_JavaIP_10BinaryTrees_318DiagonalTraversal
14
8 3 10 1 -1 6 14 -1 -1 -1 -1 4 7 13
8 10 14 
3 6 7 13 
1 4 

15
1 2 3 4 5 6 7 8 9 10 11 12 13 14 15
1 3 7 15 
2 5 11 6 13 14 
4 9 10 12 
8 
-----------------------------------------------------------------
Pep_JavaIP_10BinaryTrees_313CountSubtreesWithTargetSum
7
7 
5 -10 3 9 8 -4 7
2

7
7 
-7 -10 4 9 8 -4 7
4
-----------------------------------------------------------------
Pep_JavaIP_3strings_83AnagramSubstringSearch
BACDGABCDA
ABCD
0 5 6 

AAABABAA
AABA
0 1 4 
-----------------------------------------------------------------
Pep_JavaIP_3strings_84KAnagrams
anagram
grammar
3
true

geeks
eggkf
1
false

parrot
tarrot
2
true
-----------------------------------------------------------------
Pep_JavaIP_85AreBinariesAnagram
8
4
true

7
14
true

12 
14
false

-----------------------------------------------------------------
Pep_JavaIP_86LongestPalindromicSubstring
forgeeksskeegfor
geeksskeeg

abccbc
bccb

aabcbcdcbcbdf
bcbcdcbcb

-----------------------------------------------------------------
Pep_JavaIP_128Isomorphic
aab
xxy
true

aab
xyz
false

-----------------------------------------------------------------
Pep_JavaIP_10BinaryTrees_325ConstructFromParentArray
7
1 5 5 2 2 -1 3
1 => 5 <= 2
0 => 1 <= .
. => 0 <= .
3 => 2 <= 4
6 => 3 <= .
. => 6 <= .
. => 4 <= .

8
1 5 5 1 2 -1 0 0
1 => 5 <= 2
0 => 1 <= 3
6 => 0 <= 7
. => 6 <= .
. => 7 <= .
. => 3 <= .
4 => 2 <= .
. => 4 <= .

8
1 5 5 5 2 -1 0 0
Invalid
-----------------------------------------------------------------
Pep_JavaIP_10BinaryTrees_317IterativePostorder
11
5 1 2 3 0 -1 4 -1 -1 6 7
3 6 7 0 1 4 2 5 

12 
5 1 2 0 -1 3 4 -1 -1 -1 -1 6
0 1 6 3 4 2 5 

7
1 2 3 4 5 6 7
4 5 2 6 7 3 1 
-----------------------------------------------------------------
Pep_JavaIP_10BinaryTrees_322ConstructFromPreOrder
8
5 1 3 0 6 7 2 4
N N L N L L N L
1 => 5 <= 2
3 => 1 <= 0
. => 3 <= .
6 => 0 <= 7
. => 6 <= .
. => 7 <= .
4 => 2 <= .
. => 4 <= .

6
10 20 30 40 60 50
N L N N L N
20 => 10 <= 30
. => 20 <= .
40 => 30 <= .
60 => 40 <= 50
. => 60 <= .
. => 50 <= .
-----------------------------------------------------------------
Pep_JavaIP_10BinaryTrees_324GenerateAncestorMatrix
11
0 1 2 3 4 -1 5 -1 -1 6 7
false true true true true true true true 
false false false true true false true true 
false false false false false true false false 
false false false false false false false false 
false false false false false false true true 
false false false false false false false false 
false false false false false false false false 
false false false false false false false false 

7
0 1 2 3 4 5 6
false true true true true true true 
false false false true true false false 
false false false false false true true 
false false false false false false false 
false false false false false false false 
false false false false false false false 
false false false false false false false 
-----------------------------------------------------------------
Pep_JavaIP_10BinaryTrees_323CountTreeWithSameAncestorMatrix
8
0 1 1 1 1 1 1 1
0 0 0 1 1 0 1 1
0 0 0 0 0 1 0 0
0 0 0 0 0 0 0 0
0 0 0 0 0 0 1 1
0 0 0 0 0 0 0 0
0 0 0 0 0 0 0 0
0 0 0 0 0 0 0 0
16

7
0 1 1 1 1 1 1
0 0 0 1 0 1 0
0 0 0 0 1 0 1
0 0 0 0 0 1 0
0 0 0 0 0 0 1
0 0 0 0 0 0 0
0 0 0 0 0 0 0
32

-----------------------------------------------------------------
Pep_JavaIP_10genericTree_299Construct
24
10 20 50 -1 60 -1 -1 30 70 -1 80 110 -1 120 -1 -1 90 -1 -1 40 100 -1 -1 -1
10 => 20, 30, 40, .
20 => 50, 60, .
50 => .
60 => .
30 => 70, 80, 90, .
70 => .
80 => 110, 120, .
110 => .
120 => .
90 => .
40 => 100, .
100 => .

14
10 20 -1 30 60 -1 70 -1 -1 40 -1 50 -1 -1
10 => 20, 30, 40, 50, .
20 => .
30 => 60, 70, .
60 => .
70 => .
40 => .
50 => .
-----------------------------------------------------------------
Pep_JavaIP_10genericTree_299Serialize
24
10 20 50 -1 60 -1 -1 30 70 -1 80 110 -1 120 -1 -1 90 -1 -1 40 100 -1 -1 -1
10_20_50_#60_##30_70_#80_110_#120_##90_##40_100_###

14
10 20 -1 30 60 -1 70 -1 -1 40 -1 50 -1 -1
10_20_#30_60_#70_##40_#50_##

-----------------------------------------------------------------
Pep_JavaIP_10genericTree_303SecondLargest
24
10 20 50 -1 60 -1 -1 30 70 -1 80 110 -1 120 -1 -1 90 -1 -1 40 100 -1 -1 -1
110

14
10 20 -1 30 60 -1 70 -1 -1 40 -1 50 -1 -1
60

-----------------------------------------------------------------
Pep_JavaIP_10genericTree_304MaxSumChildren
24
10 20 50 -1 60 -1 -1 30 70 -1 80 110 -1 120 -1 -1 90 -1 -1 40 100 -1 -1 -1
80 310

24
10 20 50 -1 60 -1 -1 30 170 -1 80 110 -1 120 -1 -1 90 -1 -1 40 100 -1 -1 -1
30 370

-----------------------------------------------------------------
Pep_JavaIP_10genericTree_305CountNodesWithMoreChildrenThanParent
20
10 20 50 -1 60 -1 -1 30 70 -1 80 110 -1 120 -1 -1 90 -1 -1 -1
1

14
10 20 -1 30 60 -1 70 -1 -1 40 -1 50 -1 -1
0

-----------------------------------------------------------------
Pep_JavaIP_10genericTree_307LRConstruction
24
10 20 50 -1 60 -1 -1 30 70 -1 80 110 -1 120 -1 -1 90 -1 -1 40 100 -1 -1 -1
10 20 50 60 30 70 80 110 120 90 40 100 

20
10 20 50 -1 60 -1 -1 30 70 -1 80 110 -1 120 -1 -1 90 -1 -1 -1
10 20 50 60 30 70 80 110 120 90 

14
10 20 -1 30 60 -1 70 -1 -1 40 -1 50 -1 -1
10 20 30 60 70 40 50 

-----------------------------------------------------------------
Pep_JavaIP_10genericTree_308KthChildinLRRepresentation
24
10 20 50 -1 60 -1 -1 30 70 -1 80 110 -1 120 -1 -1 90 -1 -1 40 100 -1 -1 -1
30 3
90

24
10 20 50 -1 60 -1 -1 30 70 -1 80 110 -1 120 -1 -1 90 -1 -1 40 100 -1 -1 -1
20 1
50

-----------------------------------------------------------------
Pep_JavaIP_10genericTree_311Diameter
24
10 20 50 -1 60 -1 -1 30 70 -1 80 110 -1 120 -1 -1 90 -1 -1 40 100 -1 -1 -1
5

22
10 20 -1 30 60 80 100 -1 -1 -1 70 90 110 -1 -1 -1 -1 40 -1 50 -1 -1
6

-----------------------------------------------------------------
Pep_JavaIP_6Greedy_181MaximizeSumConsecutiveDifferences
4
4 2 1 8
18

3
10 12 15
10

-----------------------------------------------------------------
Pep_JavaIP_6Greedy_182PaperCutMinimumSquares
13 29
9

30 36
5

4 5
5

-----------------------------------------------------------------
Pep_JavaIP_6Greedy_183LexicoSmallestArrayInKSwaps
5
7 6 9 2 1 
3
2 7 6 9 1 .

5
7 6 9 2 1
8
1 2 6 7 9 .

7
9 4 8 6 1 3 5
12
1 3 4 5 9 8 6 .

-----------------------------------------------------------------
Pep_JavaIP_6Greedy_184RearrangeCharacters
aaabc
abaca

aaabb
ababa

aaaabbaac
Invalid

-----------------------------------------------------------------
Pep_JavaIP_6Greedy_185MaxHeightPyramid
4
1 19 4 40
2

6
10 40 20 1 50 60
3

10
1 2 3 4 5 6 7 8 9 10
4

-----------------------------------------------------------------
Pep_JavaIP_6Greedy_186MinCostToAcquireAllCoins
6
100 20 50 10 2 5
3
7

6
1 2 5 10 20 50
3
3

-----------------------------------------------------------------
Pep_JavaIP_6Greedy_187MaxSumPossibleAcrossStacks
5
3 2 1 1 1
3
4 3 2
4
2 5 4 1
5

2
3 10
2
4 5
2
2 1
0

-----------------------------------------------------------------
Pep_JavaIP_6Greedy_188MaximumSumAfterKNegations
5
-2 0 5 -1 2
4
10

4 
9 8 8 5
3
20

-----------------------------------------------------------------
Pep_JavaIP_6Greedy_189MinCostToCutSquares
3
4 1 2
5
2 1 3 1 4
42

2
4 3
3 
1 4 2
27

-----------------------------------------------------------------
Pep_JavaIP_6Greedy_190MinimizeCashFlow
3
0 10 20
0 0  50
0 0  0
70

3
0 1000 2000
0 0 5000
0 0 0
7000

-----------------------------------------------------------------
Pep_JavaIP_10BinaryTrees_314IterativeInorder
11
5 1 2 3 0 -1 4 -1 -1 6 7
3 1 6 0 7 5 2 4 

12 
5 1 2 0 -1 3 4 -1 -1 -1 -1 6
0 1 5 6 3 2 4 

7
1 2 3 4 5 6 7
4 2 5 1 6 3 7 

-----------------------------------------------------------------
Pep_JavaIP_10BinaryTrees_315MorrisTraversalInorder
11
5 1 2 3 0 -1 4 -1 -1 6 7
3 1 6 0 7 5 2 4 

12 
5 1 2 0 -1 3 4 -1 -1 -1 -1 6
0 1 5 6 3 2 4 

7
1 2 3 4 5 6 7
4 2 5 1 6 3 7 
-----------------------------------------------------------------
Pep_JavaIP_10BinaryTrees_316MorrisTraversalPreorder
11
5 1 2 3 0 -1 4 -1 -1 6 7
3 1 6 0 7 5 2 4 

12 
5 1 2 0 -1 3 4 -1 -1 -1 -1 6
0 1 5 6 3 2 4 

7
1 2 3 4 5 6 7
4 2 5 1 6 3 7 
-----------------------------------------------------------------
Pep_JavaIP_12Agraphs_426HackerEarthMancunian
4
1 1 0
3
Q 1
U
Q 2

3 2

6
1 1 1 0 0
3
Q 1
U
Q 2

4 2
-----------------------------------------------------------------
Pep_JavaIP_10BinaryTrees_312CloneBinaryTreeWithRandomPointers
11
5 1 2 3 0 -1 4 -1 -1 6 7
5 4
1 7
2 0
0 5
4 6
6 2
7 4
3 4

1 => 5[R:4] <= 2
3 => 1[R:7] <= 0
. => 3[R:4] <= .
6 => 0[R:5] <= 7
. => 6[R:2] <= .
. => 7[R:4] <= .
. => 2[R:0] <= 4
. => 4[R:6] <= .

12 
5 1 2 0 -1 3 4 -1 -1 -1 -1 6
5 6
1 4
2 3
0 5
3 3
4 6
6 5

1 => 5[R:6] <= 2
0 => 1[R:4] <= .
. => 0[R:5] <= .
3 => 2[R:3] <= 4
6 => 3[R:3] <= .
. => 6[R:5] <= .
. => 4[R:6] <= .

-----------------------------------------------------------------
Pep_JavaIP_10genericTree_309LongestPathUndirectedTree
10
9
0 1
1 2
2 9
2 4
2 3
4 5
1 6
6 8
6 7
5

7 
6
3 4
4 5 
5 6
0 1
1 2 
2 3
6
-----------------------------------------------------------------
Pep_JavaIP_6Greedy_191MinimumEdgesToReverse
7
7
0 1
2 1
5 1
2 3
6 3
6 4
4 5
0
6
2

7
8
1 0
1 2
2 3
3 0
4 3
5 4
6 5
4 6
1
5

